-13.1436,-9.08474
-13.1207,-9.0778
-13.1131,-9.07549
-13.1054,-9.07318
-13.0978,-9.07087
-13.0718,-9.06855
-13.0459,-9.06624
-13.0199,-9.06393
-12.9939,-9.06162
-12.968,-9.05931
-12.942,-9.057
-12.916,-9.05468
-12.8901,-9.05237
-12.8641,-9.05006
-12.8381,-9.04775
-12.8121,-9.04544
-12.7862,-9.04313
-12.7602,-9.04081
-12.7342,-9.0385
-12.7083,-9.03619
-12.6823,-9.03388
-12.6563,-9.03157
-12.612,-9.02926
-12.5677,-9.02694
-12.5234,-9.02463
-12.4791,-9.02232
-12.4348,-9.02001
-12.3905,-9.0177
-12.3462,-9.01539
-12.3019,-9.01307
-12.2576,-9.01076
-12.2133,-9.00845
-12.169,-9.00614
-12.1247,-9.00383
-12.0804,-9.00152
-12.0361,-8.9992
-11.9918,-8.99689
-11.9475,-8.99458
-11.9032,-8.97394
-11.8589,-8.95329
-11.8146,-8.93264
-11.7703,-8.912
-11.726,-8.89135
-11.6817,-8.87071
-11.6374,-8.85006
-11.5931,-8.82942
-11.5488,-8.80877
-11.5045,-8.78813
-11.4602,-8.76748
-11.4158,-8.74684
-11.3715,-8.72619
-11.3272,-8.70555
-11.2829,-8.6849
-11.2386,-8.66426
-11.1943,-8.64361
-11.15,-8.62297
-11.1057,-8.60232
-11.0614,-8.58168
-11.0171,-8.56103
-10.9728,-8.54039
-10.9285,-8.51974
-10.8842,-8.4991
-10.8399,-8.47845
-10.7956,-8.45781
-10.7513,-8.43716
-10.707,-8.41652
-10.6627,-8.39587
-10.6184,-8.37523
-10.5741,-8.35458
-10.5298,-8.33394
-10.4855,-8.31329
-10.4412,-8.29265
-10.3785,-8.272
-10.3311,-8.25635
-10.2836,-8.2407
-10.2361,-8.22505
-10.1886,-8.20939
-10.1411,-8.19374
-10.0936,-8.17809
-10.0461,-8.16244
-9.99865,-8.14679
-9.95116,-8.13113
-9.90368,-8.11548
-9.85619,-8.09983
-9.8087,-8.08418
-9.74288,-8.06853
-9.69424,-8.05696
-9.64559,-8.04539
-9.59695,-8.03383
-9.54831,-8.02226
-9.49967,-8.01069
-9.45102,-7.99913
-9.40238,-7.98756
-9.35374,-7.97599
-9.30509,-7.96442
-9.25645,-7.95286
-9.20781,-7.94129
-9.15916,-7.92972
-9.11052,-7.91816
-9.04354,-7.90659
-8.99427,-7.89808
-8.945,-7.88957
-8.89573,-7.88106
-8.84646,-7.87255
-8.79719,-7.86404
-8.74792,-7.85553
-8.69865,-7.84702
-8.64938,-7.83852
-8.60011,-7.83001
-8.55084,-7.8215
-8.50157,-7.81299
-8.4523,-7.80448
-8.40303,-7.79597
-8.35375,-7.78746
-8.30448,-7.77895
-8.25521,-7.77044
-8.20594,-7.76193
-8.15667,-7.75342
-8.1074,-7.74491
-8.0398,-7.73641
-7.99019,-7.73016
-7.94058,-7.72392
-7.89097,-7.71767
-7.84136,-7.71143
-7.79175,-7.70518
-7.74215,-7.69894
-7.69254,-7.6927
-7.64293,-7.68645
-7.59332,-7.68021
-7.54371,-7.67396
-7.4941,-7.66772
-7.44449,-7.66148
-7.39488,-7.65523
-7.34528,-7.64899
-7.29567,-7.64274
-7.24606,-7.6365
-7.19645,-7.63025
-7.14684,-7.62401
-7.09723,-7.61777
-7.04762,-7.61152
-6.99801,-7.60528
-6.94841,-7.59903
-6.8988,-7.59279
-6.84919,-7.58654
-6.79958,-7.5803
-6.74997,-7.57406
-6.70036,-7.56781
-6.65075,-7.56157
-6.60115,-7.55532
-6.55154,-7.54908
-6.50193,-7.54284
-6.45232,-7.53659
-6.38438,-7.53035
-6.33459,-7.52577
-6.2848,-7.52119
-6.23501,-7.51662
-6.18522,-7.51204
-6.13543,-7.50747
-6.08564,-7.50289
-6.03584,-7.49831
-5.98605,-7.49374
-5.93626,-7.48916
-5.86814,-7.48459
-5.81825,-7.48123
-5.76837,-7.47788
-5.71848,-7.47453
-5.66859,-7.47118
-5.6187,-7.46783
-5.56881,-7.46448
-5.51893,-7.46113
-5.46904,-7.45778
-5.41915,-7.45442
-5.36926,-7.45107
-5.31938,-7.44772
-5.26949,-7.44437
-5.2196,-7.44102
-5.16971,-7.43767
-5.11983,-7.43432
-5.06994,-7.43097
-5.02005,-7.42761
-4.97016,-7.42426
-4.92028,-7.42091
-4.87039,-7.41756
-4.8205,-7.41421
-4.77061,-7.41086
-4.72072,-7.40751
-4.67084,-7.40416
-4.62095,-7.4008
-4.57106,-7.39745
-4.52117,-7.3941
-4.47129,-7.39075
-4.4214,-7.3874
-4.37151,-7.38405
-4.32162,-7.3807
-4.27174,-7.37735
-4.22185,-7.374
-4.17196,-7.37064
-4.12207,-7.36729
-4.07219,-7.36394
-4.0223,-7.36059
-3.97241,-7.35724
-3.92252,-7.35389
-3.87263,-7.35054
-3.82275,-7.34719
-3.77286,-7.34383
-3.72297,-7.34048
-3.67308,-7.33713
-3.6232,-7.33378
-3.57331,-7.33043
-3.52342,-7.32708
-3.47353,-7.32373
-3.42365,-7.32038
-3.37376,-7.31702
-3.32387,-7.31367
-3.27398,-7.31032
-3.22409,-7.30697
-3.17421,-7.30362
-3.12432,-7.30027
-3.07443,-7.29692
-3.02454,-7.29357
-2.97466,-7.29022
-2.92477,-7.28686
-2.87488,-7.28351
-2.82499,-7.28016
-2.77511,-7.27681
-2.72522,-7.27346
-2.67533,-7.27011
-2.62544,-7.26676
-2.57556,-7.26341
-2.52567,-7.26005
-2.47578,-7.2567
-2.42589,-7.25335
-2.376,-7.25
-2.32612,-7.24665
-2.27623,-7.2433
-2.22634,-7.23995
-2.17645,-7.2366
-2.12657,-7.23324
-2.07668,-7.22989
-2.02679,-7.22654
-1.9769,-7.22319
-1.92702,-7.21984
-1.87713,-7.21649
-1.82724,-7.21314
-1.77735,-7.20979
-1.72747,-7.20643
-1.67758,-7.20308
-1.62769,-7.19973
-1.5778,-7.19638
-1.52792,-7.19303
-1.47803,-7.18968
-1.42814,-7.18633
-1.37825,-7.18298
-1.32837,-7.17963
-1.27848,-7.17627
-1.22859,-7.17292
-1.1787,-7.16957
-1.12882,-7.16622
-1.07893,-7.16287
-1.02904,-7.15952
-0.979153,-7.15617
-0.929265,-7.15282
-0.879378,-7.14946
-0.82949,-7.14611
-0.779602,-7.14276
-0.729715,-7.13941
-0.679827,-7.13606
-0.62994,-7.13271
-0.580052,-7.12936
-0.530164,-7.12601
-0.480277,-7.12265
-0.430389,-7.1193
-0.380502,-7.11595
-0.330614,-7.1126
-0.280727,-7.10925
-0.230839,-7.1059
-0.180951,-7.10255
-0.131064,-7.0992
-0.0811762,-7.09584
-0.0312886,-7.09249
0.018599,-7.08914
0.0684865,-7.08579
0.118374,-7.08244
0.168262,-7.07909
0.218149,-7.07574
0.268037,-7.07239
0.317924,-7.06904
0.367812,-7.06568
0.4177,-7.06233
0.467587,-7.05898
0.517475,-7.05563
0.567362,-7.05228
0.635583,-7.04893
0.685523,-7.04647
0.735463,-7.04402
0.785403,-7.04157
0.835342,-7.03912
0.885282,-7.03666
0.935222,-7.03421
0.985162,-7.03176
1.0351,-7.0293
1.08504,-7.02685
1.13498,-7.0244
1.18492,-7.02195
1.23486,-7.01949
1.2848,-7.01704
1.33474,-7.01459
1.38468,-7.01214
1.43462,-7.00968
1.48456,-7.00723
1.5345,-7.00478
1.58444,-7.00232
1.63438,-6.99987
1.68432,-6.99742
1.73426,-6.99497
1.7842,-6.99251
1.83414,-6.99006
1.88408,-6.98761
1.93402,-6.98515
1.98396,-6.9827
2.0339,-6.98025
2.08384,-6.9778
2.13378,-6.97534
2.18372,-6.97289
2.23366,-6.97044
2.2836,-6.96798
2.33354,-6.96553
2.38348,-6.96308
2.43342,-6.96063
2.48336,-6.95817
2.5333,-6.95572
2.58324,-6.95327
2.63318,-6.95081
2.68312,-6.94836
2.73305,-6.94591
2.78299,-6.94346
2.83293,-6.941
2.88287,-6.93855
2.93281,-6.9361
2.98275,-6.93364
3.03269,-6.93119
3.08263,-6.92874
3.13257,-6.92629
3.18251,-6.92383
3.23245,-6.92138
3.28239,-6.91893
3.33233,-6.91647
3.38227,-6.91402
3.43221,-6.91157
3.48215,-6.90912
3.53209,-6.90666
3.58203,-6.90421
3.63197,-6.90176
3.68191,-6.8993
3.73185,-6.89685
3.78179,-6.8944
3.83173,-6.89195
3.88167,-6.88949
3.93161,-6.88704
3.98155,-6.88459
4.03149,-6.88213
4.08143,-6.87968
4.13137,-6.87723
4.18131,-6.87478
4.23125,-6.87232
4.28119,-6.86987
4.33113,-6.86742
4.38107,-6.86496
4.43101,-6.84418
4.47717,-6.82496
4.52333,-6.80575
4.56949,-6.78654
4.61565,-6.76732
4.66181,-6.74811
4.70798,-6.7289
4.75414,-6.70968
4.8003,-6.69047
4.84646,-6.67125
4.89262,-6.65204
4.93878,-6.63283
4.98494,-6.59528
5.02373,-6.56373
5.06252,-6.53218
5.10131,-6.50063
5.1401,-6.46908
5.17889,-6.43753
5.21768,-6.40598
5.25646,-6.37443
5.29525,-6.34288
5.33404,-6.31133
5.37283,-6.27978
5.41162,-6.24823
5.45041,-6.21668
5.4892,-6.16679
5.51989,-6.12732
5.55058,-6.08785
5.58127,-6.04838
5.61197,-6.00891
5.64266,-5.96944
5.67335,-5.92996
5.70404,-5.89049
5.73473,-5.85102
5.76543,-5.81155
5.79612,-5.77208
5.82681,-5.73261
5.8575,-5.69314
5.88819,-5.65367
5.91889,-5.6142
5.94958,-5.57472
5.98027,-5.53525
6.01096,-5.49578
6.04165,-5.45631
6.07235,-5.41684
6.10304,-5.37737
6.13373,-5.31956
6.15718,-5.2754
6.18063,-5.23124
6.20407,-5.18708
6.22752,-5.14292
6.23264,-5.09876
6.23775,-5.0546
6.24287,-5.01044
6.24798,-4.96628
6.2531,-4.92212
6.25821,-4.87796
6.26332,-4.83379
6.26844,-4.78963
6.27355,-4.74547
6.27867,-4.70131
6.28378,-4.65715
6.2889,-4.61299
6.29401,-4.56883
6.29913,-4.52467
6.28591,-4.48051
6.27269,-4.43635
6.25947,-4.39219
6.24625,-4.34803
6.23303,-4.30386
6.21981,-4.2597
6.20659,-4.21554
6.19338,-4.17138
6.18016,-4.12722
6.16694,-4.08306
6.13539,-4.0389
6.10632,-3.99822
6.07725,-3.95753
6.04818,-3.91685
6.01912,-3.87617
5.99005,-3.83548
5.96098,-3.7948
5.93192,-3.75412
5.90285,-3.71344
5.87378,-3.67275
5.84472,-3.63207
5.81565,-3.59139
5.76825,-3.5507
5.73031,-3.51814
5.69237,-3.48557
5.65442,-3.45301
5.61648,-3.42045
5.57854,-3.38788
5.5406,-3.35532
5.50266,-3.32275
5.46472,-3.29019
5.42677,-3.25762
5.3705,-3.22506
5.32722,-3.20002
5.28395,-3.17497
5.24067,-3.14993
5.19739,-3.12489
5.15412,-3.09985
5.11084,-3.0748
5.06757,-3.04976
5.02429,-3.02472
4.98101,-2.99967
4.93774,-2.97463
4.89446,-2.94959
4.83285,-2.92455
4.78653,-2.90572
4.74021,-2.88689
4.69389,-2.86806
4.64757,-2.84924
4.60125,-2.83041
4.55493,-2.81158
4.50861,-2.79275
4.4623,-2.77392
4.41598,-2.7551
4.36966,-2.73627
4.305,-2.71744
4.257,-2.70346
4.20899,-2.68948
4.16098,-2.6755
4.11298,-2.66152
4.06497,-2.64754
4.01697,-2.63356
3.96896,-2.61958
3.92096,-2.6056
3.87295,-2.59162
3.82494,-2.57764
3.7586,-2.56366
3.70968,-2.55335
3.66075,-2.54304
3.61183,-2.53273
3.5629,-2.52242
3.51398,-2.51211
3.46505,-2.5018
3.41613,-2.49149
3.3672,-2.48118
3.31828,-2.47087
3.26935,-2.46056
3.22042,-2.45025
3.1715,-2.43994
3.10424,-2.42963
3.05482,-2.42205
3.0054,-2.41448
2.95597,-2.4069
2.90655,-2.39933
2.85713,-2.39175
2.8077,-2.38417
2.75828,-2.3766
2.70886,-2.36902
2.65944,-2.36145
2.61001,-2.35387
2.54226,-2.34629
2.49257,-2.34074
2.44288,-2.33518
2.39319,-2.32963
2.3435,-2.32407
2.29381,-2.31851
2.24412,-2.31296
2.19443,-2.3074
2.14474,-2.30185
2.09505,-2.29629
2.04535,-2.29073
1.99566,-2.28518
1.94597,-2.27962
1.89628,-2.27406
1.84659,-2.26851
1.7969,-2.26295
1.74721,-2.2574
1.69752,-2.25184
1.64783,-2.24628
1.59814,-2.24073
1.54845,-2.23517
1.49876,-2.22962
1.44907,-2.22406
1.39938,-2.2185
1.34969,-2.21295
1.3,-2.20739
1.25031,-2.20184
1.20062,-2.19628
1.15093,-2.19072
1.10124,-2.18517
1.05155,-2.17961
0.983524,-2.17405
0.93369,-2.16998
0.883856,-2.16591
0.834022,-2.16184
0.784188,-2.15777
0.734353,-2.1537
0.684519,-2.14963
0.634685,-2.14556
0.584851,-2.14149
0.535017,-2.13742
0.46685,-2.13335
0.416939,-2.13037
0.367028,-2.12739
0.317116,-2.12441
0.267205,-2.12143
0.217294,-2.11845
0.167383,-2.11547
0.117472,-2.11249
0.0675609,-2.10951
0.0176498,-2.10653
-0.0322613,-2.10355
-0.0821724,-2.10057
-0.132083,-2.09759
-0.181995,-2.09461
-0.231906,-2.09163
-0.281817,-2.08865
-0.331728,-2.08567
-0.381639,-2.08269
-0.43155,-2.07971
-0.481461,-2.07673
-0.549706,-2.07375
-0.599658,-2.07157
-0.64961,-2.06938
-0.699563,-2.0672
-0.749515,-2.06502
-0.799468,-2.06284
-0.84942,-2.06066
-0.899372,-2.05848
-0.949325,-2.0563
-0.999277,-2.05411
-1.04923,-2.05193
-1.09918,-2.04975
-1.16747,-2.04757
-1.21744,-2.04597
-1.26742,-2.04438
-1.31739,-2.04278
-1.3857,-2.04118
-1.43569,-2.04001
-1.48567,-2.03885
-1.53566,-2.03768
-1.58564,-2.03651
-1.63563,-2.03534
-1.68562,-2.03417
-1.7356,-2.03301
-1.78559,-2.03184
-1.83558,-2.03067
-1.88556,-2.0295
-1.93555,-2.02833
-2.00387,-2.02716
-2.05386,-2.02631
-2.10385,-2.02545
-2.15385,-2.0246
-2.20384,-2.02374
-2.25383,-2.02289
-2.30383,-2.02203
-2.35382,-2.02118
-2.40381,-2.02032
-2.4538,-2.01947
-2.5038,-2.01861
-2.57212,-2.01776
-2.62212,-2.01713
-2.67212,-2.01651
-2.72211,-2.01588
-2.77211,-2.01526
-2.8221,-2.01463
-2.8721,-2.01401
-2.9221,-2.01338
-2.97209,-2.01275
-3.02209,-2.01213
-3.07208,-2.0115
-3.12208,-2.01088
-3.17208,-2.01025
-3.22207,-2.00963
-3.27207,-2.009
-3.32207,-2.00838
-3.37206,-2.00775
-3.42206,-2.00712
-3.49039,-2.0065
-3.54038,-2.00604
-3.59038,-2.00558
-3.64038,-2.00513
-3.69038,-2.00467
-3.74038,-2.00421
-3.79037,-2.00375
-3.84037,-2.00329
-3.89037,-2.00284
-3.94037,-2.00238
-3.99036,-2.00192
-4.04036,-2.00146
-4.09036,-2.00101
-4.14036,-2.00055
-4.19036,-2.00009
-4.24035,-1.99963
-4.29035,-1.99917
-4.34035,-1.99872
-4.39035,-1.99826
-4.44035,-1.9978
-4.49034,-1.99734
-4.55867,-1.99689
-4.60867,-1.99655
-4.65867,-1.99622
-4.70867,-1.99588
-4.75867,-1.99555
-4.80867,-1.99521
-4.85867,-1.99488
-4.90867,-1.99454
-4.95866,-1.99421
-5.00866,-1.99387
-5.05866,-1.99354
-5.10866,-1.9932
-5.17699,-1.99287
-5.22699,-1.99262
-5.27699,-1.99238
-5.32699,-1.99213
-5.37699,-1.99189
-5.42699,-1.99164
-5.47699,-1.9914
-5.52699,-1.99115
-5.57699,-1.99091
-5.62699,-1.99066
-5.67699,-1.99041
-5.72698,-1.99017
-5.77698,-1.98992
-5.82698,-1.98968
-5.89532,-1.98943
-5.94532,-1.98926
-5.99532,-1.98908
-6.04531,-1.9889
-6.09531,-1.98872
-6.14531,-1.98854
-6.19531,-1.98836
-6.24531,-1.98818
-6.29531,-1.988
-6.34531,-1.98782
-6.39531,-1.98764
-6.44531,-1.98746
-6.49531,-1.98728
-6.54531,-1.9871
-6.59531,-1.98692
-6.66364,-1.98675
-6.71364,-1.98661
-6.76364,-1.98648
-6.81364,-1.98635
-6.86364,-1.98622
-6.91364,-1.98609
-6.96364,-1.98596
-7.01364,-1.98583
-7.06364,-1.9857
-7.11364,-1.98556
-7.16364,-1.98543
-7.21364,-1.9853
-7.26364,-1.98517
-7.33197,-1.98504
-7.38197,-1.98494
-7.43197,-1.98485
-7.48197,-1.98475
-7.53197,-1.98466
-7.58197,-1.98456
-7.63197,-1.98446
-7.68197,-1.98437
-7.73197,-1.98427
-7.78197,-1.98418
-7.83197,-1.98408
-7.88197,-1.98398
-7.93197,-1.98389
-7.98197,-1.98379
-8.03197,-1.9837
-8.08197,-1.9836
-8.13197,-1.9835
-8.18197,-1.98341
-8.23197,-1.98331
-8.28197,-1.98322
-8.33197,-1.98312
-8.38197,-1.98302
-8.43197,-1.98293
-8.48197,-1.98283
-8.53197,-1.98274
-8.58197,-1.98264
-8.63197,-1.98254
-8.68197,-1.98245
-8.73197,-1.98235
-8.78197,-1.98226
-8.83197,-1.98216
-8.88197,-1.98206
-8.93197,-1.98197
-9.00031,-1.98187
-9.05031,-1.9818
-9.10031,-1.98173
-9.15031,-1.98166
-9.20031,-1.98159
-9.25031,-1.98152
-9.30031,-1.98145
-9.35031,-1.98138
-9.40031,-1.98131
-9.45031,-1.98124
-9.50031,-1.98117
-9.55031,-1.9811
-9.60031,-1.98103
-9.65031,-1.98096
-9.70031,-1.98089
-9.76864,-1.98082
-9.81864,-1.98077
-9.86864,-1.98072
-9.91864,-1.98066
-9.96865,-1.98061
-10.0186,-1.98056
-10.0686,-1.98051
-10.1186,-1.98046
-10.1686,-1.98041
-10.2186,-1.98036
-10.2686,-1.98031
-10.3186,-1.98025
-10.3686,-1.9802
-10.4186,-1.98015
-10.4686,-1.9801
-10.5186,-1.98005
-10.5686,-1.98
-10.6186,-1.97995
-10.6686,-1.97989
-10.7186,-1.97984
-10.7686,-1.97979
-10.8186,-1.97974
-10.8686,-1.97969
-10.9186,-1.97964
-10.9686,-1.97959
-11.0186,-1.97953
-11.0686,-1.97948
-11.1186,-1.97943
-11.1686,-1.97938
-11.2186,-1.97933
-11.2687,-1.97928
-11.3187,-1.97923
-11.3687,-1.97917
-11.4187,-1.97912
-11.4687,-1.97907
-11.5187,-1.97902
-11.5687,-1.97897
-11.6187,-1.97892
-11.6687,-1.97887
-11.7187,-1.97882
-11.7687,-1.97876
-11.8187,-1.97871
-11.8687,-1.97866
-11.9187,-1.97861
-11.9687,-1.97856
-12.0187,-1.97851
-12.0687,-1.97846
-12.1187,-1.9784
-12.1687,-1.97835
-12.2187,-1.9783
-12.2687,-1.97825
-12.3187,-1.9782
-12.3687,-1.97815
-12.4187,-1.9781
-12.4687,-1.97804
-12.5187,-1.95966
-12.5656,-1.9424
-12.6125,-1.92515
-12.6594,-1.90789
-12.7064,-1.89064
-12.7533,-1.87338
-12.8002,-1.85613
-12.8472,-1.83887
-12.8941,-1.82162
-12.941,-1.80436
-12.9879,-1.78711
-13.0349,-1.76985
-13.0818,-1.7526
-13.1287,-1.73534
-13.1757,-1.71809
-13.2226,-1.70083
-13.2695,-1.68357
-13.3164,-1.66632
-13.3634,-1.64906
-13.4103,-1.63181
-13.4572,-1.61455
-13.5042,-1.5973
-13.5511,-1.58004
-13.598,-1.54445
-13.6378,-1.51424
-13.6777,-1.48403
-13.7175,-1.45382
-13.7574,-1.4236
-13.7972,-1.39339
-13.837,-1.36318
-13.8769,-1.33297
-13.9167,-1.30275
-13.9566,-1.27254
-13.9964,-1.24233
-14.0362,-1.21211
-14.0761,-1.1819
-14.1159,-1.15169
-14.1558,-1.12148
-14.1956,-1.09126
-14.2354,-1.06105
-14.2753,-1.0125
-14.307,-0.973853
-14.3387,-0.935202
-14.3704,-0.896551
-14.4022,-0.8579
-14.4339,-0.819249
-14.4656,-0.780598
-14.4973,-0.741947
-14.529,-0.703296
-14.5608,-0.664645
-14.5925,-0.625994
-14.6242,-0.587343
-14.6559,-0.548692
-14.6693,-0.51004
-14.6827,-0.471389
-14.6961,-0.432738
-14.7095,-0.394087
-14.7228,-0.355436
-14.7362,-0.316785
-14.7496,-0.278134
-14.763,-0.239483
-14.7764,-0.200832
-14.7898,-0.162181
-14.8032,-0.12353
-14.8165,-0.0848792
-14.8299,-0.0462282
-14.8433,-0.00757721
-14.8384,0.0310738
-14.8334,0.0697248
-14.8285,0.126709
-14.8241,0.176522
-14.8198,0.226334
-14.8155,0.276147
-14.8112,0.32596
-14.8068,0.375772
-14.8025,0.425585
-14.7982,0.475397
-14.7939,0.52521
-14.7895,0.575023
-14.7852,0.624835
-14.7809,0.674648
-14.7766,0.72446
-14.7722,0.774273
-14.7679,0.824086
-14.7636,0.873898
-14.7593,0.923711
-14.7549,0.973524
-14.7506,1.02334
-14.7463,1.07315
-14.742,1.12296
-14.7376,1.17277
-14.7333,1.22259
-14.729,1.2724
-14.7247,1.32221
-14.702,1.37202
-14.6813,1.41754
-14.6606,1.46305
-14.6399,1.50856
-14.6192,1.55408
-14.5985,1.59959
-14.5778,1.6451
-14.5571,1.69061
-14.5364,1.73613
-14.5157,1.78164
-14.495,1.82715
-14.4743,1.87266
-14.4536,1.91818
-14.4329,1.96369
-14.4122,2.0092
-14.3915,2.05472
-14.3708,2.10023
-14.3501,2.14574
-14.3294,2.19125
-14.3087,2.23677
-14.288,2.28228
-14.2489,2.32779
-14.2164,2.36574
-14.1838,2.4037
-14.1513,2.44165
-14.1187,2.4796
-14.0862,2.51756
-14.0536,2.55551
-14.0211,2.59346
-13.9885,2.63141
-13.956,2.66937
-13.9234,2.70732
-13.8909,2.74527
-13.8583,2.78322
-13.8258,2.82118
-13.7932,2.85913
-13.7423,2.89708
-13.7022,2.92698
-13.6622,2.95687
-13.6221,2.98676
-13.582,3.01666
-13.5419,3.04655
-13.5018,3.07644
-13.4618,3.10634
-13.4217,3.13623
-13.3816,3.16612
-13.3415,3.19602
-13.3014,3.22591
-13.243,3.25581
-13.1985,3.27858
-13.154,3.30136
-13.1095,3.32414
-13.065,3.34692
-13.0205,3.3697
-12.976,3.39248
-12.9315,3.41526
-12.887,3.43803
-12.8424,3.46081
-12.7979,3.48359
-12.7534,3.50637
-12.6906,3.52915
-12.6436,3.54619
-12.5966,3.56322
-12.5496,3.58026
-12.5025,3.5973
-12.4555,3.61434
-12.4085,3.63138
-12.3615,3.64842
-12.3145,3.66546
-12.2675,3.68249
-12.2205,3.69953
-12.1552,3.71657
-12.1068,3.72919
-12.0584,3.7418
-12.01,3.75442
-11.9616,3.76704
-11.9133,3.77965
-11.8649,3.79227
-11.8165,3.80489
-11.7681,3.8175
-11.7197,3.83012
-11.6713,3.84274
-11.623,3.85535
-11.5746,3.86797
-11.5262,3.88059
-11.4595,3.8932
-11.4104,3.90249
-11.3612,3.91178
-11.3121,3.92107
-11.263,3.93036
-11.2138,3.93966
-11.1647,3.94895
-11.1156,3.95824
-11.0664,3.96753
-11.0173,3.97682
-10.9499,3.98611
-10.9003,3.99293
-10.8508,3.99975
-10.8013,4.00657
-10.7517,4.01339
-10.7022,4.02022
-10.6527,4.02704
-10.6031,4.03386
-10.5536,4.04068
-10.5041,4.0475
-10.4545,4.05432
-10.405,4.06115
-10.3555,4.06797
-10.3059,4.07479
-10.2564,4.08161
-10.1885,4.08843
-10.1388,4.09343
-10.089,4.09843
-10.0393,4.10343
-9.98953,4.10843
-9.93978,4.11344
-9.89003,4.11844
-9.84028,4.12344
-9.79053,4.12844
-9.74078,4.13344
-9.69103,4.13844
-9.64128,4.14344
-9.5732,4.14844
-9.52334,4.1521
-9.47347,4.15576
-9.4236,4.15943
-9.37374,4.16309
-9.32387,4.16675
-9.27401,4.17041
-9.22414,4.17408
-9.17428,4.17774
-9.12441,4.1814
-9.07454,4.18507
-9.02468,4.18873
-8.97481,4.19239
-8.90661,4.19605
-8.85669,4.19873
-8.80676,4.20142
-8.75683,4.2041
-8.7069,4.20678
-8.65698,4.20946
-8.60705,4.21214
-8.55712,4.21482
-8.50719,4.2175
-8.45726,4.22018
-8.40734,4.22287
-8.33908,4.22555
-8.28911,4.22751
-8.23915,4.22947
-8.18919,4.23143
-8.13923,4.2334
-8.08927,4.23536
-8.03931,4.23732
-7.98935,4.23929
-7.93939,4.24125
-7.88942,4.24321
-7.83946,4.24517
-7.7895,4.24714
-7.72121,4.2491
-7.67123,4.25054
-7.62125,4.25197
-7.57127,4.25341
-7.52129,4.25484
-7.47131,4.25628
-7.42133,4.25772
-7.37135,4.25915
-7.32137,4.26059
-7.27139,4.26202
-7.22141,4.26346
-7.17144,4.2649
-7.12146,4.26633
-7.05314,4.26777
-7.00315,4.26882
-6.95317,4.26987
-6.90318,4.27092
-6.85319,4.27197
-6.8032,4.27302
-6.75321,4.27408
-6.70322,4.27513
-6.65323,4.27618
-6.60324,4.27723
-6.55326,4.27828
-6.50327,4.27933
-6.45328,4.28038
-6.38496,4.28143
-6.33496,4.2822
-6.28497,4.28297
-6.23497,4.28374
-6.18498,4.28451
-6.13499,4.28528
-6.08499,4.28605
-6.035,4.28682
-5.985,4.28759
-5.93501,4.28835
-5.88502,4.28912
-5.83502,4.28989
-5.7667,4.29066
-5.7167,4.29122
-5.6667,4.29179
-5.6167,4.29235
-5.56671,4.29291
-5.51671,4.29348
-5.46671,4.29404
-5.41672,4.2946
-5.36672,4.29516
-5.29839,4.29573
-5.24839,4.29614
-5.19839,4.29655
-5.1484,4.29696
-5.0984,4.29737
-5.0484,4.29778
-4.9984,4.29819
-4.9484,4.29861
-4.8984,4.29902
-4.84841,4.29943
-4.79841,4.29984
-4.74841,4.30025
-4.69841,4.30066
-4.64841,4.30108
-4.59841,4.30149
-4.53008,4.3019
-4.48008,4.3022
-4.43008,4.3025
-4.38008,4.3028
-4.33009,4.3031
-4.28009,4.30341
-4.23009,4.30371
-4.18009,4.30401
-4.13009,4.30431
-4.08009,4.30461
-4.03009,4.30491
-3.98009,4.30521
-3.93009,4.30551
-3.86176,4.30582
-3.81176,4.30604
-3.76176,4.30626
-3.71176,4.30648
-3.66176,4.3067
-3.61176,4.30692
-3.56176,4.30714
-3.51176,4.30736
-3.46176,4.30758
-3.41176,4.3078
-3.36176,4.30802
-3.31177,4.30824
-3.26177,4.30846
-3.21177,4.30868
-3.16177,4.3089
-3.11177,4.30912
-3.06177,4.30934
-3.01177,4.30956
-2.96177,4.30978
-2.91177,4.31
-2.86177,4.31022
-2.81177,4.31044
-2.76177,4.31066
-2.71177,4.31088
-2.66177,4.3111
-2.61177,4.31132
-2.56177,4.31154
-2.51177,4.31176
-2.46177,4.31198
-2.41177,4.3122
-2.36178,4.31243
-2.31178,4.31265
-2.26178,4.31287
-2.21178,4.31309
-2.14344,4.31331
-2.09344,4.31347
-2.04344,4.31363
-1.99344,4.31379
-1.94344,4.31395
-1.89345,4.31411
-1.84345,4.31427
-1.79345,4.31443
-1.74345,4.3146
-1.69345,4.31476
-1.64345,4.31492
-1.57511,4.31508
-1.52511,4.3152
-1.47511,4.31532
-1.42511,4.31543
-1.37511,4.31555
-1.32511,4.31567
-1.27511,4.31579
-1.22511,4.31591
-1.17511,4.31603
-1.12512,4.31614
-1.07512,4.31626
-1.02512,4.31638
-0.975116,4.3165
-0.906782,4.31662
-0.856782,4.3167
-0.806782,4.31679
-0.756783,4.31688
-0.706783,4.31696
-0.656783,4.31705
-0.606783,4.31713
-0.556783,4.31722
-0.506783,4.31731
-0.456783,4.31739
-0.406783,4.31748
-0.356783,4.31757
-0.306783,4.31765
-0.256783,4.31774
-0.206783,4.31782
-0.156783,4.31791
-0.106783,4.318
-0.0567835,4.31808
-0.00678353,4.31817
0.0432164,4.31826
0.0932163,4.31834
0.143216,4.31843
0.193216,4.31852
0.243216,4.3186
0.293216,4.31869
0.343216,4.31877
0.393216,4.31886
0.443216,4.31895
0.493216,4.31903
0.543216,4.31912
0.593216,4.31921
0.643216,4.31929
0.693215,4.31938
0.743215,4.31946
0.793215,4.31955
0.843215,4.31964
0.893215,4.31972
0.943215,4.31981
0.993215,4.3199
1.04322,4.31998
1.09322,4.32007
1.14322,4.32016
1.19322,4.32024
1.24321,4.32033
1.29321,4.32041
1.34321,4.3205
1.39321,4.32059
1.44321,4.32067
1.49321,4.32076
1.54321,4.32085
1.59321,4.32093
1.64321,4.32102
1.69321,4.3211
1.74321,4.32119
1.79321,4.32128
1.84321,4.32136
1.89321,4.32145
1.94321,4.32154
1.99321,4.32162
2.04321,4.32171
2.09321,4.32179
2.14321,4.32188
2.19321,4.32197
2.24321,4.32205
2.29321,4.32214
2.34321,4.32223
2.39321,4.32231
2.44321,4.3224
2.49321,4.32249
2.54321,4.32257
2.59321,4.32266
2.64321,4.32274
2.69321,4.32283
2.74321,4.32292
2.79321,4.323
2.84321,4.32309
2.89321,4.32318
2.94321,4.32326
2.99321,4.32335
3.04321,4.32343
3.09321,4.32352
3.14321,4.32361
3.19321,4.32369
3.24321,4.32378
3.29321,4.32387
3.34321,4.32395
3.39321,4.32404
3.44321,4.32413
3.49321,4.32421
3.54321,4.3243
3.59321,4.32438
3.64321,4.32447
3.69321,4.32456
3.74321,4.32464
3.79321,4.32473
3.84321,4.32482
3.89321,4.3249
3.94321,4.32499
3.99321,4.32507
4.04321,4.32516
4.09321,4.32525
4.14321,4.32533
4.19321,4.32542
4.24321,4.32551
4.29321,4.32559
4.34321,4.32568
4.39321,4.32577
4.44321,4.32585
4.49321,4.32594
4.54321,4.32602
4.59321,4.32611
4.64321,4.3262
4.69321,4.32628
4.74321,4.32637
4.79321,4.32646
4.84321,4.32654
4.89321,4.32663
4.94321,4.32671
4.99321,4.3268
5.04321,4.32689
5.09321,4.32697
5.14321,4.32706
5.19321,4.32715
5.24321,4.32723
5.2932,4.34565
5.34012,4.36294
5.38704,4.38022
5.43396,4.39751
5.48087,4.41479
5.52779,4.43207
5.57471,4.44936
5.62163,4.46664
5.66854,4.48393
5.71546,4.50121
5.76238,4.5185
5.8093,4.53578
5.85621,4.5714
5.89604,4.60163
5.93586,4.63186
5.97569,4.6621
6.01551,4.69233
6.05534,4.72256
6.09516,4.7528
6.13499,4.78303
6.17481,4.81326
6.21463,4.84349
6.25446,4.87373
6.29428,4.90396
6.33411,4.95253
6.36581,4.99119
6.39752,5.02985
6.42922,5.06852
6.46092,5.10718
6.49263,5.14584
6.52433,5.18451
6.55604,5.22317
6.58774,5.26183
6.61944,5.3005
6.65115,5.33916
6.68285,5.37782
6.71456,5.41649
6.74626,5.45515
6.77796,5.49381
6.80967,5.55081
6.83397,5.5945
6.85828,5.6382
6.88258,5.68189
6.90689,5.72559
6.93119,5.76928
6.9555,5.81298
6.9798,5.85667
7.00411,5.90037
7.02842,5.94406
7.05272,5.98776
7.07703,6.03145
7.10133,6.09348
7.11957,6.14004
7.13781,6.18659
7.15606,6.23314
7.1743,6.2797
7.19254,6.32625
7.21078,6.3728
7.22902,6.41936
7.24726,6.46591
7.2655,6.51247
7.28375,6.55902
7.30199,6.60557
7.32023,6.65213
7.33847,6.69868
7.35671,6.74523
7.37495,6.81012
7.38848,6.85825
7.40202,6.90639
7.41555,6.95452
7.42908,7.00266
7.44261,7.05079
7.45614,7.09892
7.46967,7.14706
7.48321,7.19519
7.49674,7.24333
7.51027,7.29146
7.5238,7.33959
7.53733,7.38773
7.55086,7.43586
7.54606,7.48399
7.54126,7.53213
7.53646,7.58026
7.53166,7.6284
7.52686,7.67653
7.52206,7.72466
7.51726,7.7728
7.51245,7.82093
7.50765,7.86907
7.50285,7.9172
7.47972,7.96533
7.45806,8.0104
7.4364,8.05546
7.41474,8.10053
7.39308,8.14559
7.37142,8.19066
7.34976,8.23572
7.3281,8.28079
7.30644,8.32585
7.28478,8.37092
7.26312,8.41598
7.24146,8.46105
7.20147,8.50611
7.16828,8.54351
7.13509,8.58091
7.1019,8.6183
7.06871,8.6557
7.03552,8.6931
7.00234,8.7305
6.96915,8.76789
6.93596,8.80529
6.90277,8.84269
6.86958,8.88009
6.81806,8.91748
6.7776,8.94685
6.73713,8.97623
6.69667,9.0056
6.6562,9.03497
6.61574,9.06434
6.57528,9.09371
6.53481,9.12308
6.49435,9.15245
6.45389,9.18182
6.41342,9.2112
6.37296,9.24057
6.33249,9.26994
6.29203,9.29931
6.23323,9.32868
6.1885,9.35102
6.14377,9.37337
6.09904,9.39571
6.05431,9.41806
6.00958,9.4404
5.96485,9.46274
5.92012,9.48509
5.87539,9.50743
5.83066,9.52977
5.7676,9.55212
5.72047,9.56882
5.67334,9.58551
5.62621,9.60221
5.57908,9.61891
5.53196,9.63561
5.48483,9.6523
5.4377,9.669
5.39057,9.6857
5.34344,9.7024
5.27798,9.7191
5.22953,9.73145
5.18108,9.74381
5.13263,9.75617
5.08418,9.76853
5.03573,9.78089
4.98729,9.79325
4.93884,9.80561
4.89039,9.81797
4.84194,9.83032
4.79349,9.84268
4.74504,9.85504
4.69659,9.8674
4.64815,9.87976
4.5997,9.89212
4.55125,9.90448
4.5028,9.91683
4.45435,9.92919
4.4059,9.94155
4.35745,9.95391
4.30901,9.96627
4.24222,9.97863
4.19306,9.98773
4.14389,9.99682
4.09473,10.0059
4.04556,10.015
3.9964,10.0241
3.94723,10.0332
3.89807,10.0423
3.8489,10.0514
3.79974,10.0605
3.75057,10.0696
3.68307,10.0787
3.63352,10.0854
3.58397,10.0921
3.53442,10.0987
3.48486,10.1054
3.43531,10.1121
3.38576,10.1188
3.33621,10.1255
3.28666,10.1321
3.2371,10.1388
3.18755,10.1455
3.138,10.1522
3.07012,10.1589
3.02036,10.1638
2.9706,10.1687
2.92084,10.1735
2.87108,10.1784
2.80298,10.1833
2.75311,10.1869
2.70324,10.1905
2.65337,10.1941
2.6035,10.1977
2.55363,10.2013
2.50376,10.2049
2.45389,10.2084
2.40401,10.212
2.35414,10.2156
2.30427,10.2192
2.2544,10.2228
2.20453,10.2264
2.15466,10.23
2.10479,10.2335
2.05492,10.2371
2.00504,10.2407
1.95517,10.2443
1.9053,10.2479
1.85543,10.2515
1.80556,10.2551
1.75569,10.2586
1.70582,10.2622
1.65595,10.2658
1.60607,10.2694
1.5562,10.273
1.50633,10.2766
1.45646,10.2802
1.38826,10.2837
1.33833,10.2864
1.28839,10.289
1.23846,10.2916
1.18853,10.2942
1.1386,10.2969
1.08867,10.2995
1.03874,10.3021
0.988808,10.3047
0.938877,10.3074
0.888946,10.31
0.839015,10.3126
0.789084,10.3153
0.72082,10.3179
0.670857,10.3198
0.620893,10.3217
0.57093,10.3236
0.520967,10.3256
0.471004,10.3275
0.421041,10.3294
0.371078,10.3313
0.321115,10.3332
0.271152,10.3352
0.221189,10.3371
0.171226,10.339
0.121263,10.3409
0.0712996,10.3429
0.0213365,10.3448
-0.0286266,10.3467
-0.0785896,10.3486
-0.128553,10.3505
-0.178516,10.3525
-0.228479,10.3544
-0.278442,10.3563
-0.346738,10.3582
-0.396719,10.3596
-0.446699,10.361
-0.496679,10.3624
-0.546659,10.3639
-0.59664,10.3653
-0.64662,10.3667
-0.6966,10.3681
-0.74658,10.3695
-0.814894,10.3709
-0.864883,10.3719
-0.914873,10.3729
-0.964862,10.374
-1.01485,10.375
-1.06484,10.376
-1.11483,10.3771
-1.16482,10.3781
-1.21481,10.3791
-1.2648,10.3801
-1.31479,10.3812
-1.36478,10.3822
-1.41477,10.3832
-1.46476,10.3843
-1.51475,10.3853
-1.58307,10.3863
-1.63306,10.3871
-1.68306,10.3878
-1.73305,10.3886
-1.78305,10.3893
-1.83304,10.3901
-1.88303,10.3908
-1.93303,10.3916
-1.98302,10.3923
-2.03302,10.3931
-2.08301,10.3938
-2.13301,10.3946
-2.183,10.3953
-2.23299,10.3961
-2.28299,10.3969
-2.33298,10.3976
-2.38298,10.3984
-2.43297,10.3991
-2.5013,10.3999
-2.5513,10.4004
-2.60129,10.401
-2.65129,10.4015
-2.70129,10.4021
-2.75128,10.4026
-2.80128,10.4032
-2.85128,10.4037
-2.90127,10.4043
-2.95127,10.4048
-3.00127,10.4054
-3.05126,10.4059
-3.10126,10.4065
-3.15126,10.407
-3.20126,10.4076
-3.25125,10.4081
-3.30125,10.4087
-3.35125,10.4092
-3.40124,10.4098
-3.45124,10.4103
-3.50124,10.4109
-3.55123,10.4114
-3.60123,10.412
-3.65123,10.4125
-3.70122,10.4131
-3.75122,10.4136
-3.80122,10.4142
-3.85121,10.4147
-3.90121,10.4153
-3.95121,10.4158
-4.0012,10.4164
-4.0512,10.4169
-4.1012,10.4175
-4.1512,10.4181
-4.20119,10.4186
-4.25119,10.4192
-4.30119,10.4197
-4.35118,10.4203
-4.40118,10.4208
-4.45118,10.4214
-4.50117,10.4219
-4.5695,10.4225
-4.6195,10.4229
-4.6695,10.4233
-4.7195,10.4237
-4.7695,10.4241
-4.8195,10.4245
-4.86949,10.4249
-4.91949,10.4253
-4.96949,10.4257
-5.01949,10.4261
-5.08782,10.4265
-5.13782,10.4268
-5.18782,10.4271
-5.23782,10.4274
-5.28782,10.4277
-5.33782,10.428
-5.38782,10.4283
-5.43781,10.4286
-5.48781,10.4289
-5.53781,10.4291
-5.58781,10.4294
-5.63781,10.4297
-5.70614,10.43
-5.75614,10.4302
-5.80614,10.4305
-5.85614,10.4307
-5.90614,10.4309
-5.95614,10.4311
-6.00614,10.4313
-6.05614,10.4315
-6.10614,10.4318
-6.15614,10.432
-6.20614,10.4322
-6.25614,10.4324
-6.30614,10.4326
-6.35614,10.4328
-6.40614,10.433
-6.45614,10.4333
-6.50614,10.4335
-6.55614,10.4337
-6.60614,10.4339
-6.65614,10.4341
-6.70614,10.4343
-6.75614,10.4346
-6.80614,10.4348
-6.85614,10.435
-6.90614,10.4352
-6.95614,10.4354
-7.00614,10.4356
-7.05614,10.4359
-7.10614,10.4361
-7.17447,10.4363
-7.22447,10.4364
-7.27447,10.4366
-7.32447,10.4368
-7.37447,10.4369
-7.42447,10.4371
-7.47447,10.4372
-7.52447,10.4374
-7.57447,10.4375
-7.62447,10.4377
-7.67447,10.4379
-7.72447,10.438
-7.77447,10.4382
-7.8428,10.4383
-7.8928,10.4385
-7.9428,10.4386
-7.9928,10.4387
-8.0428,10.4388
-8.0928,10.4389
-8.1428,10.439
-8.1928,10.4391
-8.2428,10.4393
-8.2928,10.4394
-8.3428,10.4395
-8.3928,10.4396
-8.46113,10.4397
-8.51113,10.4398
-8.56113,10.4399
-8.61113,10.44
-8.66113,10.4401
-8.71113,10.4401
-8.76113,10.4402
-8.81113,10.4403
-8.86113,10.4404
-8.92947,10.4405
-8.97947,10.4406
-9.02947,10.4406
-9.07947,10.4407
-9.12947,10.4407
-9.17947,10.4408
-9.22947,10.4409
-9.27947,10.4409
-9.32947,10.441
-9.37947,10.441
-9.4478,10.4411
-9.4978,10.4412
-9.5478,10.4412
-9.5978,10.4412
-9.6478,10.4413
-9.6978,10.4413
-9.7478,10.4414
-9.7978,10.4414
-9.84781,10.4415
-9.89781,10.4415
-9.96614,10.4416
-10.0161,10.4416
-10.0661,10.4416
-10.1161,10.4417
-10.1661,10.4417
-10.2161,10.4417
-10.2661,10.4418
-10.3161,10.4418
-10.3661,10.4418
-10.4161,10.4419
-10.4661,10.4419
-10.5161,10.4419
-10.5845,10.442
-10.6345,10.442
-10.6845,10.442
-10.7345,10.442
-10.7845,10.4421
-10.8345,10.4421
-10.8845,10.4421
-10.9345,10.4421
-10.9845,10.4421
-11.0345,10.4422
-11.1028,10.4422
-11.1528,10.4422
-11.2028,10.4422
-11.2528,10.4423
-11.3028,10.4423
-11.3528,10.4423
-11.4028,10.4423
-11.4528,10.4423
-11.5211,10.4423
-11.5711,10.4424
-11.6211,10.4424
-11.6711,10.4424
-11.7211,10.4424
-11.7711,10.4424
-11.8211,10.4424
-11.8711,10.4424
-11.9211,10.4424
-11.9711,10.4425
-12.0395,10.4425
-12.0895,10.4425
-12.1395,10.4425
-12.1895,10.4425
-12.2395,10.4425
-12.2895,10.4425
-12.3395,10.4425
-12.3895,10.4425
-12.4395,10.4426
-12.4895,10.4426
-12.5395,10.4426
-12.6078,10.4426
-12.6578,10.4426
-12.7078,10.4426
-12.7578,10.4426
-12.8078,10.4426
-12.8578,10.4426
-12.9078,10.4426
-12.9578,10.4426
-13.0262,10.4426
-13.0762,10.4426
-13.1262,10.4426
-13.1762,10.4426
-13.2262,10.4427
-13.2762,10.4427
-13.3262,10.4427
-13.3762,10.4427
-13.4262,10.4427
-13.4762,10.4427
-13.5262,10.4427
-13.5762,10.4427
-13.6262,10.4427
-13.6762,10.4427
-13.7262,10.4427
