17,7,-5.,2.0
1.,1.,0.
15.35,8.65,-5.,.35
1.,1.,0.
17,5,-5.,2.0
1.,1.,1.
18.65,8.65,-5.,.35
1.,1.,0.
17,3,-5.,2.0
1.,1.,1.
17,1,-5.,2.0
1.,1.,1.
17,-1,-5.,2.0
1.,1.,1.
17,-3.3,-5.,2.0
1.,1.,1.
17.5,-5.5,-5.,1.5
1.,1.,1.
17.5,-7.5,-5.,1.5
1.,1.,1.
16,-7.5,-5.,1.5
1.,1.,1.
14.5,-7.5,-5.,1.5
1.,1.,1.
13,-7.5,-5.,1.5
1.,1.,1.
11.5,-7.5,-5.,1.5
1.,1.,1.
9.5,-7.5,-5.,1.5
1.,1.,1.
8.2,-8.75,-5.,.25
1.,1.,1.
9.5,-6,-5.,1.5
1.,1.,1.
9.5,-4.5,-5.,1.5
1.,1.,1.
15,-3.5,-5.,1.5
1.,1.,1.
12.4,-3,-5.,1.9
1.,1.,1.
11,-1.5,-5.,3
1.,1.,1.
8.2,-3.25,-5.,.25
1.,1.,1.
11,1.5,-5.,3
1.,1.,1.
11.5,6.5,-5.,2.5
1.,1.,1.
13.5,8.5,-5.,.35
1.,1.,1.
13,4.1,-5.,1
1.,1.,1.
9.5,8,-5.,1
1.,1.,1.
8.5,8,-5.,1
1.,1.,1.
7.5,8,-5.,1
1.,1.,1.
6.5,8,-5.,1
1.,1.,1.
5.5,8,-5.,1
1.,1.,1.
4.5,8,-5.,1
1.,1.,1.
3.5,8,-5.,1
1.,1.,1.
2.5,8,-5.,1
1.,1.,1.
1.5,8,-5.,1
1.,1.,1.
0.5,8,-5.,1
1.,1.,1.
-0.5,8,-5.,1
1.,1.,1.
-1.5,8,-5.,1
1.,1.,1.
-2.5,8,-5.,1
1.,1.,1.
-3.5,8,-5.,1
1.,1.,1.
-4.5,8,-5.,1
1.,1.,1.
-5.5,8,-5.,1
1.,1.,1.
-6.5,8,-5.,1
1.,1.,1.
-7.5,8,-5.,1
1.,1.,1.
-8.5,8,-5.,1
1.,1.,1.
-9.5,8,-5.,1
1.,1.,1.
-10.5,8,-5.,1
1.,1.,1.
-11.5,8,-5.,1
1.,1.,1.
-12.5,8,-5.,1
1.,1.,1.
-13.5,8,-5.,1
1.,1.,1.
-14.5,8,-5.,1
1.,1.,1.
-15.5,8,-5.,1
1.,1.,1.
-16.8,8,-5.,1
1.,1.,1.
-18,8,-5.,1
1.,1.,1.
-18,7,-5.,1
1.,1.,1.
-18,6,-5.,1
1.,1.,1.
-18,5,-5.,1
1.,1.,1.
-18,4,-5.,1
1.,1.,1.
-18,3,-5.,1
1.,1.,1.
-18,2,-5.,1
1.,1.,1.
-18,1,-5.,1
1.,1.,1.
-18,0,-5.,1
1.,1.,1.
-18,-1,-5.,1
1.,1.,1.
-18,-2,-5.,1
1.,1.,1.
-18,-3,-5.,1
1.,1.,1.
-18,-4,-5.,1
1.,1.,1.
-18,-5,-5.,1
1.,1.,1.
-18,-6,-5.,1
1.,1.,1.
-18,-7,-5.,1
1.,1.,1.
-18,-8,-5.,1
1.,1.,1.
-16.0,-7.5,-5.,1.5
1.,1.,1.
-14.5,-7.5,-5.,1.5
1.,1.,1.
-13.0,-7.5,-5.,1.5
1.,1.,1.
-11.5,-7.5,-5.,1.5
1.,1.,1.
-9.3,-6.3,-5.,2.6
1.,1.,1.
-7.0,-7,-5.,2
1.,1.,1.
-5.,-7,-5.,2
1.,1.,1.
-3.0,-7,-5.,2
1.,1.,1.
-1.0,-7,-5.,2
1.,1.,1.
1.5,-7,-5.,2
1.,1.,1.
3.5,-7.5,-5.,1.5
1.,1.,1.
5.5,-7.5,-5.,1.5
1.,1.,1.
-14.5,-5.5,-5.,1.5
1.,1.,1.
-14.5,-4,-5.,1.5
1.,1.,1.
-14.5,-2.5,-5.,1.5
1.,1.,1.
-14.5,-1,-5.,1.5
1.,1.,1.
-14.5,1,-5.,1.5
1.,1.,1.
-14.5,2.8,-5.,1.5
1.,1.,1.
-14.5,4.5,-5.,1.5
1.,1.,1.
-12.5,4.5,-5.,1.5
1.,1.,1.
-11,4.5,-5.,1.5
1.,1.,1.
-9.5,4.5,-5.,1.5
1.,1.,1.
-7.5,4.9,-5.,1.8
1.,1.,1.
-7.5,6.5,-5.,1.5
1.,1.,1.
-5.5,4.5,-5.,1.5
1.,1.,1.
-4,4.5,-5.,1.5
1.,1.,1.
-2.5,4.5,-5.,1.5
1.,1.,1.
-0,4.5,-5.,2.5
1.,1.,1.
1,6.7,-5.,1
1.,1.,1.
-1,6.7,-5.,1
1.,1.,1.
2.5,4,-5.,2
1.,1.,1.
4.5,4,-5.,2
1.,1.,1.
7,4,-5.,2
1.,1.,1.
8.5,4.5,-5.,1.5
1.,1.,1.
-9.5,-3.2,-5.,2.5
1.,1.,1.
-9.5,-0.5,-5.,2.5
1.,1.,1.
-7.5,1,-5.,1
1.,1.,1.
-6.5,1,-5.,1
1.,1.,1.
-5.5,1,-5.,1
1.,1.,1.
-4.5,1,-5.,1
1.,1.,1.
-3.5,1,-5.,1
1.,1.,1.
-2.5,1,-5.,1
1.,1.,1.
-1,1.3,-5.,1.3
1.,1.,1.
.8,1.3,-5.,1.3
1.,1.,1.
2.6,1.3,-5.,1.3
1.,1.,1.
2,-0.5,-5.,2
1.,1.,1.
2,-2.5,-5.,2
1.,1.,1.
2,-5,-5.,2
1.,1.,1.
6,-5.5,-5.,1
1.,1.,1.
6,-4.5,-5.,1
1.,1.,1.
6,-3.5,-5.,1
1.,1.,1.
6,-2.5,-5.,1
1.,1.,1.
6,-1.5,-5.,1
1.,1.,1.
6,-0.5,-5.,1
1.,1.,1.
6,0.5,-5.,1
1.,1.,1.
6,1.5,-5.,1
1.,1.,1.